Brick:
2 2
2 3
2 4
2 5
2 6
2 7
2 8
2 9
2 10
2 17
2 18
2 19
2 20
2 21
2 22
2 23
3 2
3 3
3 4
3 5
3 6
3 7
3 8
3 9
3 10
3 17
3 18
3 19
3 20
3 21
3 22
3 23
6 2
6 3
6 4
6 5
6 6
6 7
6 8
6 9
6 10
6 17
6 18
6 19
6 20
6 21
6 22
6 23
7 2
7 3
7 4
7 5
7 6
7 7
7 8
7 9
7 10
7 17
7 18
7 19
7 20
7 21
7 22
7 23
18 2
18 3
18 4
18 5
18 6
18 7
18 8
18 9
18 10
18 18
18 19
18 20
18 21
18 22
18 23
19 2
19 3
19 4
19 5
19 6
19 7
19 8
19 9
19 10
19 18
19 19
19 20
19 21
19 22
19 23
22 2
22 3
22 4
22 5
22 6
22 7
22 8
22 9
22 10
22 17
22 18
22 19
22 20
22 21
22 22
22 23
23 2
23 3
23 4
23 5
23 6
23 7
23 8
23 9
23 10
23 17
23 18
23 19
23 20
23 21
23 22
23 23
10 2
10 3
10 4
10 5
10 6
10 7
10 8
10 11
10 12
10 15
10 16
10 17
10 18
11 2
11 3
11 4
11 5
11 6
11 7
11 8
11 11
11 12
11 15
11 16
11 17
11 18
14 2
14 3
14 4
14 5
14 6
15 2
15 3
15 4
15 5
15 6
4 13
4 14
5 13
5 14
6 13
6 14
7 13
7 14
18 13
18 14
19 13
19 14
20 13
20 14
21 13
21 14
11 23
11 24
14 24
11 25
14 25
8 20
8 19
8 18
8 17
8 16
8 15
8 14
8 12
8 11
8 10
8 9
8 8
8 7
Iron:
0 14
1 14
24 14
25 14
10 9
10 10
11 10
16 10
17 10
17 5
17 4
17 3
17 2
17 1
17 0
18 0
19 0
20 0
21 0
22 0
22 1
21 4
21 5
21 6
21 7
21 8
21 9
21 10
21 11
21 12
Number of Brick:
196
Number of Iron:
30