Brick:
4 2
4 3
4 22
4 23
5 2
5 3
5 22
5 23
6 2
6 3
6 22
6 23
7 2
7 3
7 22
7 23
8 22
8 23
18 22
18 23
19 2
19 3
19 22
19 23
20 2
20 3
20 22
20 23
21 2
21 3
21 22
21 23
0 11
0 14
1 11
1 14
2 11
2 14
23 11
23 14
24 11
24 14
25 11
25 14
2 12
2 13
23 12
23 13
Iron:
0 2
0 3
0 22
0 23
1 2
1 3
1 22
1 23
2 2
2 3
2 22
2 23
3 2
3 3
3 22
3 23
22 2
22 3
22 22
22 23
23 2
23 3
23 22
23 23
24 2
24 3
24 22
24 23
25 2
25 3
25 22
25 23
13 0
13 1
13 2
13 3
13 4
13 5
13 20
13 21
13 22
13 23
13 24
13 25
10 9
10 10
10 11
10 12
10 13
10 14
16 9
16 10
16 11
16 12
16 13
18 19
19 19
20 19
21 19
22 19
23 19
24 19
25 19
8 19
3 19
2 19
1 19
0 19
4 19
5 19
6 19
7 19
19 6
20 6
21 6
22 6
23 6
24 6
25 6
7 6
6 6
5 6
4 6
3 6
2 6
1 6
0 6
13 19
17 12
17 11
17 10
17 9
17 13
17 15
17 14
16 15
16 14
9 9
9 10
9 11
9 12
9 13
9 14
9 15
10 15
Number of Brick:
48
Number of Iron:
105