Brick:
4 2
4 3
4 6
4 7
4 18
4 19
4 22
4 23
5 2
5 3
5 6
5 7
5 18
5 19
5 22
5 23
6 2
6 3
6 6
6 7
6 18
6 19
6 22
6 23
7 2
7 3
7 6
7 7
7 18
7 19
7 22
7 23
8 2
8 3
8 6
8 7
8 18
8 19
8 22
8 23
9 2
9 3
9 6
9 7
9 18
9 19
9 22
9 23
10 2
10 3
10 6
10 7
10 18
10 19
10 22
10 23
16 2
16 3
16 6
16 7
16 18
16 19
16 22
16 23
17 2
17 3
17 6
17 7
18 2
18 3
18 6
18 7
19 2
19 3
19 6
19 7
19 18
19 19
19 22
19 23
20 2
20 3
20 6
20 7
20 18
20 19
20 22
20 23
21 2
21 3
21 6
21 7
21 18
21 19
21 22
21 23
0 11
0 14
1 11
1 14
2 11
2 14
23 11
23 14
24 11
24 14
25 11
25 14
2 12
2 13
23 12
23 13
8 21
8 20
8 17
8 16
8 15
8 14
8 12
8 11
8 10
8 9
8 8
8 5
8 4
8 1
8 0
18 23
18 22
18 21
18 20
18 19
18 18
18 17
18 16
18 15
18 14
18 12
18 11
18 10
18 9
18 8
18 5
18 4
18 1
18 0
17 19
17 18
17 23
17 22
18 24
18 25
0 8
1 8
2 8
3 8
4 8
5 8
6 8
7 8
9 8
10 8
11 8
12 8
14 8
15 8
16 8
17 8
19 8
20 8
21 8
22 8
23 8
24 8
25 8
24 20
23 20
22 20
21 20
20 20
19 20
17 20
16 20
10 20
9 20
7 20
6 20
5 20
4 20
3 20
2 20
1 20
0 20
25 20
Iron:
0 2
0 3
0 22
0 23
1 2
1 3
1 22
1 23
2 2
2 3
2 22
2 23
3 2
3 3
3 22
3 23
22 2
22 3
22 22
22 23
23 2
23 3
23 22
23 23
24 2
24 3
24 22
24 23
25 2
25 3
25 22
25 23
13 0
13 1
13 2
13 3
13 4
13 5
13 20
13 21
13 22
13 23
13 24
13 25
10 9
10 10
10 11
10 12
10 13
10 14
10 15
16 9
16 10
16 11
16 12
16 13
16 14
16 15
Number of Brick:
194
Number of Iron:
58